0 0.5456499630177516 0.0030510355029585642 0.5791651257396451 0.9969489644970414 0.4716854659763313 0.9969489644970414
0 0.5652967825443787 0.01114090236686389 0.9351192677514792 0.9680565828402367 0.9917483357988166 0.8224389792899408
0 0.6161473742603552 0.006518121301775132 0.9952154215976332 0.5023113905325444 0.9963711168639053 0.41332285502958577
0 0.646195451183432 0.009985207100591701 0.9940597263313611 0.32317862426035504 0.9963711168639053 0.25499260355029585
0 0.6982017381656804 0.02732063609467454 0.9917483357988166 0.2156989644970414 0.998046875 0.16845992048816644
0 0.5190689718934911 0.007673816568047321 0.15386926775147924 0.9715236686390533 0.052168084319526575 0.9322300295857988
0 0.482086723372781 0.009985207100591701 0.016341531065088732 0.6144138313609467 0.0001617973372781134 0.5277366863905325
0 0.4427930843195267 0.01114090236686389 0.08915033284023666 0.3254900147928994 0.06834781804733725 0.2711723372781065
0 0.39078679733727817 0.022697855029585785 0.004784578402366846 0.261926775147929 0.00825166420118345 0.22263313609467456
0 0.36305011094674555 0.018075073964497028 0.005940273668639029 0.19605214497041418 0.0036288831360946627 0.16947115384615383
